1.958999999999999986e+01 4.364999999999999858e+01 3.399999999999999911e+00 3.335999999999999943e+01
2.051000000000000156e+01 7.284999999999999432e+01 3.339999999999999858e+00 3.299999999999999822e+00
2.289000000000000057e+01 7.045000000000000284e+01 3.140000000000000124e+00 3.520000000000000018e+00
2.944999999999999929e+01 5.972999999999999687e+01 5.400000000000000355e+00 5.419999999999999929e+00
3.634000000000000341e+01 5.370000000000000284e+01 4.919999999999999929e+00 5.040000000000000036e+00
3.982000000000000028e+01 4.764000000000000057e+01 6.990000000000000213e+00 5.549999999999999822e+00
4.689999999999999858e+01 4.284000000000000341e+01 5.120000000000000107e+00 5.150000000000000355e+00
5.264000000000000057e+01 4.082999999999999829e+01 3.270000000000000018e+00 3.259999999999999787e+00
5.639999999999999858e+01 3.743999999999999773e+01 3.100000000000000089e+00 3.069999999999999840e+00
5.996999999999999886e+01 3.482999999999999829e+01 2.490000000000000213e+00 2.709999999999999964e+00
6.002000000000000313e+01 3.332999999999999829e+01 2.560000000000000053e+00 4.089999999999999858e+00
6.609999999999999432e+01 2.976000000000000156e+01 2.049999999999999822e+00 2.089999999999999858e+00
6.806000000000000227e+01 2.832000000000000028e+01 1.879999999999999893e+00 1.750000000000000000e+00
6.971999999999999886e+01 2.687000000000000099e+01 1.659999999999999920e+00 1.739999999999999991e+00
7.106000000000000227e+01 2.573000000000000043e+01 1.590000000000000080e+00 1.620000000000000107e+00
7.237999999999999545e+01 2.464999999999999858e+01 1.489999999999999991e+00 1.479999999999999982e+00
7.331999999999999318e+01 2.373000000000000043e+01 1.520000000000000018e+00 1.429999999999999938e+00
7.434000000000000341e+01 2.291000000000000014e+01 1.399999999999999911e+00 1.350000000000000089e+00
7.492000000000000171e+01 2.246999999999999886e+01 1.320000000000000062e+00 1.300000000000000044e+00
7.601999999999999602e+01 2.133999999999999986e+01 1.290000000000000036e+00 1.360000000000000098e+00
7.648999999999999488e+01 2.112000000000000099e+01 1.179999999999999938e+00 1.199999999999999956e+00
7.698999999999999488e+01 2.057000000000000028e+01 1.290000000000000036e+00 1.159999999999999920e+00
7.773000000000000398e+01 1.982999999999999829e+01 1.199999999999999956e+00 1.239999999999999991e+00
7.837999999999999545e+01 1.935999999999999943e+01 1.120000000000000107e+00 1.139999999999999902e+00
7.854000000000000625e+01 1.923999999999999844e+01 1.090000000000000080e+00 1.120000000000000107e+00
7.901000000000000512e+01 1.876000000000000156e+01 1.100000000000000089e+00 1.129999999999999893e+00
7.898999999999999488e+01 1.876999999999999957e+01 1.120000000000000107e+00 1.120000000000000107e+00
7.928000000000000114e+01 1.855000000000000071e+01 1.100000000000000089e+00 1.080000000000000071e+00
8.010999999999999943e+01 1.791000000000000014e+01 9.899999999999999911e-01 9.899999999999999911e-01
8.025000000000000000e+01 1.771000000000000085e+01 1.050000000000000044e+00 9.899999999999999911e-01
7.996999999999999886e+01 1.791000000000000014e+01 1.090000000000000080e+00 1.020000000000000018e+00
8.046999999999999886e+01 1.750000000000000000e+01 1.000000000000000000e+00 1.030000000000000027e+00
8.098000000000000398e+01 1.705999999999999872e+01 9.799999999999999822e-01 9.799999999999999822e-01
8.106999999999999318e+01 1.694000000000000128e+01 9.799999999999999822e-01 1.010000000000000009e+00
8.151000000000000512e+01 1.655000000000000071e+01 9.699999999999999734e-01 9.699999999999999734e-01
8.110999999999999943e+01 1.689999999999999858e+01 9.899999999999999911e-01 9.899999999999999911e-01
8.165000000000000568e+01 1.637999999999999901e+01 9.599999999999999645e-01 1.000000000000000000e+00
8.176999999999999602e+01 1.621999999999999886e+01 1.010000000000000009e+00 1.000000000000000000e+00
8.162999999999999545e+01 1.619999999999999929e+01 1.020000000000000018e+00 1.149999999999999911e+00
8.215999999999999659e+01 1.597000000000000064e+01 9.300000000000000488e-01 9.399999999999999467e-01
8.221999999999999886e+01 1.580000000000000071e+01 9.699999999999999734e-01 1.000000000000000000e+00
8.248999999999999488e+01 1.569999999999999929e+01 9.200000000000000400e-01 9.000000000000000222e-01
8.243000000000000682e+01 1.568999999999999950e+01 9.200000000000000400e-01 9.599999999999999645e-01
8.234000000000000341e+01 1.568999999999999950e+01 9.799999999999999822e-01 9.899999999999999911e-01
8.267000000000000171e+01 1.536999999999999922e+01 9.599999999999999645e-01 9.899999999999999911e-01
8.243999999999999773e+01 1.550000000000000000e+01 1.050000000000000044e+00 1.010000000000000009e+00
8.287999999999999545e+01 1.522000000000000064e+01 9.399999999999999467e-01 9.599999999999999645e-01
8.279000000000000625e+01 1.542999999999999972e+01 9.000000000000000222e-01 8.800000000000000044e-01
8.318999999999999773e+01 1.496000000000000085e+01 9.300000000000000488e-01 9.200000000000000400e-01
8.325000000000000000e+01 1.491000000000000014e+01 9.200000000000000400e-01 9.200000000000000400e-01
8.314000000000000057e+01 1.501999999999999957e+01 9.200000000000000400e-01 9.200000000000000400e-01
8.340000000000000568e+01 1.474000000000000021e+01 9.300000000000000488e-01 9.300000000000000488e-01
8.362000000000000455e+01 1.451999999999999957e+01 9.100000000000000311e-01 9.499999999999999556e-01
8.367000000000000171e+01 1.455000000000000071e+01 8.800000000000000044e-01 8.900000000000000133e-01
8.362999999999999545e+01 1.458000000000000007e+01 8.900000000000000133e-01 9.000000000000000222e-01
8.343000000000000682e+01 1.475000000000000000e+01 9.200000000000000400e-01 9.100000000000000311e-01
8.356000000000000227e+01 1.452999999999999936e+01 8.900000000000000133e-01 1.020000000000000018e+00
8.376000000000000512e+01 1.444999999999999929e+01 9.000000000000000222e-01 8.800000000000000044e-01
8.381999999999999318e+01 1.439000000000000057e+01 9.100000000000000311e-01 8.699999999999999956e-01
8.392000000000000171e+01 1.434999999999999964e+01 8.699999999999999956e-01 8.699999999999999956e-01
8.373999999999999488e+01 1.448000000000000043e+01 9.000000000000000222e-01 8.900000000000000133e-01
8.368000000000000682e+01 1.440000000000000036e+01 9.499999999999999556e-01 9.699999999999999734e-01
8.384999999999999432e+01 1.427999999999999936e+01 9.300000000000000488e-01 9.499999999999999556e-01
8.379999999999999716e+01 1.441000000000000014e+01 8.900000000000000133e-01 9.000000000000000222e-01
8.381000000000000227e+01 1.433999999999999986e+01 9.899999999999999911e-01 8.599999999999999867e-01
8.417000000000000171e+01 1.400999999999999979e+01 8.900000000000000133e-01 9.300000000000000488e-01
8.400000000000000000e+01 1.418999999999999950e+01 9.100000000000000311e-01 9.000000000000000222e-01
8.425000000000000000e+01 1.400000000000000000e+01 8.699999999999999956e-01 8.699999999999999956e-01
8.418999999999999773e+01 1.408999999999999986e+01 8.599999999999999867e-01 8.699999999999999956e-01
8.443999999999999773e+01 1.381000000000000050e+01 8.800000000000000044e-01 8.699999999999999956e-01
8.414000000000000057e+01 1.399000000000000021e+01 9.000000000000000222e-01 9.699999999999999734e-01
8.437999999999999545e+01 1.391999999999999993e+01 8.499999999999999778e-01 8.599999999999999867e-01
8.434999999999999432e+01 1.383999999999999986e+01 9.000000000000000222e-01 9.000000000000000222e-01
8.426999999999999602e+01 1.392999999999999972e+01 9.000000000000000222e-01 9.000000000000000222e-01
8.457999999999999829e+01 1.369999999999999929e+01 8.499999999999999778e-01 8.599999999999999867e-01
8.454999999999999716e+01 1.366000000000000014e+01 9.100000000000000311e-01 8.800000000000000044e-01
8.448999999999999488e+01 1.366999999999999993e+01 9.100000000000000311e-01 9.300000000000000488e-01
8.457999999999999829e+01 1.361999999999999922e+01 8.599999999999999867e-01 9.399999999999999467e-01
8.479000000000000625e+01 1.340000000000000036e+01 8.900000000000000133e-01 9.200000000000000400e-01
8.443999999999999773e+01 1.374000000000000021e+01 8.900000000000000133e-01 9.300000000000000488e-01
8.437000000000000455e+01 1.373000000000000043e+01 9.899999999999999911e-01 9.000000000000000222e-01
8.460999999999999943e+01 1.359999999999999964e+01 8.900000000000000133e-01 9.000000000000000222e-01
8.465000000000000568e+01 1.356000000000000050e+01 8.800000000000000044e-01 9.000000000000000222e-01
8.460999999999999943e+01 1.365000000000000036e+01 8.699999999999999956e-01 8.699999999999999956e-01
8.439000000000000057e+01 1.376999999999999957e+01 9.699999999999999734e-01 8.699999999999999956e-01
8.481999999999999318e+01 1.334999999999999964e+01 9.100000000000000311e-01 9.100000000000000311e-01
8.468000000000000682e+01 1.350999999999999979e+01 9.100000000000000311e-01 9.000000000000000222e-01
8.443000000000000682e+01 1.371000000000000085e+01 9.699999999999999734e-01 8.900000000000000133e-01
8.460999999999999943e+01 1.357000000000000028e+01 8.900000000000000133e-01 9.399999999999999467e-01
8.485999999999999943e+01 1.332000000000000028e+01 9.000000000000000222e-01 9.200000000000000400e-01
8.493000000000000682e+01 1.327999999999999936e+01 8.900000000000000133e-01 9.000000000000000222e-01
8.485999999999999943e+01 1.333999999999999986e+01 8.800000000000000044e-01 9.300000000000000488e-01
8.457999999999999829e+01 1.352999999999999936e+01 9.399999999999999467e-01 9.499999999999999556e-01
0.000000000000000000e+00 0.000000000000000000e+00 0.000000000000000000e+00 0.000000000000000000e+00
0.000000000000000000e+00 0.000000000000000000e+00 0.000000000000000000e+00 0.000000000000000000e+00
0.000000000000000000e+00 0.000000000000000000e+00 0.000000000000000000e+00 0.000000000000000000e+00
0.000000000000000000e+00 0.000000000000000000e+00 0.000000000000000000e+00 0.000000000000000000e+00
0.000000000000000000e+00 0.000000000000000000e+00 0.000000000000000000e+00 0.000000000000000000e+00
0.000000000000000000e+00 0.000000000000000000e+00 0.000000000000000000e+00 0.000000000000000000e+00
0.000000000000000000e+00 0.000000000000000000e+00 0.000000000000000000e+00 0.000000000000000000e+00
