0.000000000000000000e+00 0.000000000000000000e+00 0.000000000000000000e+00 0.000000000000000000e+00
1.717999999999999972e+01 3.550999999999999801e+01 6.299999999999999822e+00 4.102000000000000313e+01
1.716000000000000014e+01 3.610000000000000142e+01 5.950000000000000178e+00 4.078999999999999915e+01
1.732000000000000028e+01 5.174000000000000199e+01 1.182000000000000028e+01 1.912000000000000099e+01
1.683999999999999986e+01 4.975999999999999801e+01 8.349999999999999645e+00 2.503999999999999915e+01
1.901000000000000156e+01 4.921999999999999886e+01 9.849999999999999645e+00 2.191000000000000014e+01
2.107999999999999829e+01 5.224000000000000199e+01 9.529999999999999361e+00 1.714999999999999858e+01
2.737000000000000099e+01 4.952000000000000313e+01 8.169999999999999929e+00 1.494999999999999929e+01
3.389000000000000057e+01 4.485999999999999943e+01 4.690000000000000391e+00 1.657000000000000028e+01
3.999000000000000199e+01 4.163000000000000256e+01 5.150000000000000355e+00 1.323000000000000043e+01
4.354999999999999716e+01 4.020000000000000284e+01 6.169999999999999929e+00 1.008000000000000007e+01
4.678999999999999915e+01 3.799000000000000199e+01 5.910000000000000142e+00 9.310000000000000497e+00
4.890999999999999659e+01 3.595000000000000284e+01 4.719999999999999751e+00 1.042999999999999972e+01
5.167999999999999972e+01 3.550999999999999801e+01 3.759999999999999787e+00 9.060000000000000497e+00
5.450999999999999801e+01 3.425000000000000000e+01 4.740000000000000213e+00 6.509999999999999787e+00
5.610999999999999943e+01 3.224000000000000199e+01 3.290000000000000036e+00 8.359999999999999432e+00
5.771000000000000085e+01 3.207999999999999829e+01 4.900000000000000355e+00 5.309999999999999609e+00
5.879999999999999716e+01 3.121999999999999886e+01 4.549999999999999822e+00 5.440000000000000391e+00
5.990999999999999659e+01 3.005999999999999872e+01 3.029999999999999805e+00 7.000000000000000000e+00
6.138000000000000256e+01 2.942000000000000171e+01 4.280000000000000249e+00 4.919999999999999929e+00
6.259000000000000341e+01 2.862999999999999901e+01 4.620000000000000107e+00 4.160000000000000142e+00
6.364000000000000057e+01 2.735000000000000142e+01 3.040000000000000036e+00 5.969999999999999751e+00
6.473000000000000398e+01 2.703000000000000114e+01 3.870000000000000107e+00 4.370000000000000107e+00
6.506000000000000227e+01 2.667999999999999972e+01 3.450000000000000178e+00 4.799999999999999822e+00
6.601999999999999602e+01 2.621999999999999886e+01 3.319999999999999840e+00 4.440000000000000391e+00
