1.801999999999999957e+01 5.199000000000000199e+01 9.939999999999999503e+00 2.005000000000000071e+01
4.317999999999999972e+01 3.985000000000000142e+01 5.150000000000000355e+00 1.182000000000000028e+01
6.043999999999999773e+01 2.905000000000000071e+01 3.049999999999999822e+00 7.459999999999999964e+00
6.929000000000000625e+01 2.335999999999999943e+01 3.419999999999999929e+00 3.930000000000000160e+00
7.415999999999999659e+01 1.955000000000000071e+01 1.919999999999999929e+00 4.370000000000000107e+00
7.743999999999999773e+01 1.771000000000000085e+01 2.000000000000000000e+00 2.850000000000000089e+00
7.943999999999999773e+01 1.619000000000000128e+01 1.669999999999999929e+00 2.709999999999999964e+00
8.079000000000000625e+01 1.534999999999999964e+01 1.590000000000000080e+00 2.270000000000000018e+00
8.179000000000000625e+01 1.463000000000000078e+01 1.659999999999999920e+00 1.919999999999999929e+00
8.279000000000000625e+01 1.396000000000000085e+01 1.669999999999999929e+00 1.580000000000000071e+00
8.306999999999999318e+01 1.366999999999999993e+01 1.260000000000000009e+00 2.000000000000000000e+00
8.379000000000000625e+01 1.317999999999999972e+01 1.260000000000000009e+00 1.780000000000000027e+00
8.409000000000000341e+01 1.291000000000000014e+01 1.389999999999999902e+00 1.600000000000000089e+00
8.451000000000000512e+01 1.264000000000000057e+01 1.310000000000000053e+00 1.540000000000000036e+00
8.445000000000000284e+01 1.265000000000000036e+01 1.300000000000000044e+00 1.600000000000000089e+00
8.467000000000000171e+01 1.241999999999999993e+01 9.899999999999999911e-01 1.909999999999999920e+00
8.498999999999999488e+01 1.225999999999999979e+01 1.050000000000000044e+00 1.699999999999999956e+00
8.496999999999999886e+01 1.238000000000000078e+01 1.219999999999999973e+00 1.429999999999999938e+00
8.551999999999999602e+01 1.193999999999999950e+01 1.219999999999999973e+00 1.310000000000000053e+00
8.579000000000000625e+01 1.165000000000000036e+01 1.199999999999999956e+00 1.360000000000000098e+00
