1.097000000000000064e+01 4.788000000000000256e+01 2.509999999999999787e+00 3.863000000000000256e+01
1.097000000000000064e+01 4.788000000000000256e+01 2.509999999999999787e+00 3.863000000000000256e+01
1.422000000000000064e+01 4.050999999999999801e+01 5.049999999999999822e+00 4.022999999999999687e+01
1.422000000000000064e+01 4.050999999999999801e+01 5.049999999999999822e+00 4.022999999999999687e+01
1.410999999999999943e+01 4.035000000000000142e+01 5.209999999999999964e+00 4.032999999999999829e+01
1.507000000000000028e+01 5.409000000000000341e+01 8.560000000000000497e+00 2.226999999999999957e+01
1.498000000000000043e+01 5.671999999999999886e+01 9.009999999999999787e+00 1.928999999999999915e+01
1.689999999999999858e+01 4.946999999999999886e+01 8.470000000000000639e+00 2.517000000000000171e+01
1.635000000000000142e+01 5.121999999999999886e+01 8.179999999999999716e+00 2.425000000000000000e+01
1.557000000000000028e+01 5.517000000000000171e+01 1.383999999999999986e+01 1.541999999999999993e+01
