1.796000000000000085e+01 5.104999999999999716e+01 9.099999999999999645e+00 2.187999999999999901e+01
4.813000000000000256e+01 3.614000000000000057e+01 4.500000000000000000e+00 1.122000000000000064e+01
6.612000000000000455e+01 2.500000000000000000e+01 4.339999999999999858e+00 4.540000000000000036e+00
7.270000000000000284e+01 2.055999999999999872e+01 2.910000000000000142e+00 3.830000000000000071e+00
7.720999999999999375e+01 1.742999999999999972e+01 1.929999999999999938e+00 3.430000000000000160e+00
7.981999999999999318e+01 1.556000000000000050e+01 1.350000000000000089e+00 3.270000000000000018e+00
8.184000000000000341e+01 1.439000000000000057e+01 1.429999999999999938e+00 2.350000000000000089e+00
8.293000000000000682e+01 1.364000000000000057e+01 1.370000000000000107e+00 2.060000000000000053e+00
8.334999999999999432e+01 1.327999999999999936e+01 1.350000000000000089e+00 2.009999999999999787e+00
8.410999999999999943e+01 1.277999999999999936e+01 1.330000000000000071e+00 1.770000000000000018e+00
8.473999999999999488e+01 1.241000000000000014e+01 1.260000000000000009e+00 1.590000000000000080e+00
8.512999999999999545e+01 1.208000000000000007e+01 1.159999999999999920e+00 1.629999999999999893e+00
8.540000000000000568e+01 1.183000000000000007e+01 1.020000000000000018e+00 1.750000000000000000e+00
8.554999999999999716e+01 1.175999999999999979e+01 1.399999999999999911e+00 1.290000000000000036e+00
8.598999999999999488e+01 1.139000000000000057e+01 1.280000000000000027e+00 1.330000000000000071e+00
8.603000000000000114e+01 1.127999999999999936e+01 1.290000000000000036e+00 1.399999999999999911e+00
8.631000000000000227e+01 1.118999999999999950e+01 1.139999999999999902e+00 1.360000000000000098e+00
8.489000000000000057e+01 1.218999999999999950e+01 1.209999999999999964e+00 1.709999999999999964e+00
8.640000000000000568e+01 1.100000000000000000e+01 1.389999999999999902e+00 1.209999999999999964e+00
8.646999999999999886e+01 1.113000000000000078e+01 1.120000000000000107e+00 1.270000000000000018e+00
8.606000000000000227e+01 1.125000000000000000e+01 1.320000000000000062e+00 1.370000000000000107e+00
8.620999999999999375e+01 1.108999999999999986e+01 1.709999999999999964e+00 9.899999999999999911e-01
8.640000000000000568e+01 1.109999999999999964e+01 1.159999999999999920e+00 1.340000000000000080e+00
8.634000000000000341e+01 1.114000000000000057e+01 1.050000000000000044e+00 1.469999999999999973e+00
8.634999999999999432e+01 1.110999999999999943e+01 1.010000000000000009e+00 1.540000000000000036e+00
8.687999999999999545e+01 1.075999999999999979e+01 1.070000000000000062e+00 1.290000000000000036e+00
8.678000000000000114e+01 1.081000000000000050e+01 1.040000000000000036e+00 1.360000000000000098e+00
8.670000000000000284e+01 1.083999999999999986e+01 1.169999999999999929e+00 1.290000000000000036e+00
8.631999999999999318e+01 1.115000000000000036e+01 1.350000000000000089e+00 1.179999999999999938e+00
8.681000000000000227e+01 1.085999999999999943e+01 1.000000000000000000e+00 1.320000000000000062e+00
8.689000000000000057e+01 1.067999999999999972e+01 1.149999999999999911e+00 1.280000000000000027e+00
8.643000000000000682e+01 1.102999999999999936e+01 1.110000000000000098e+00 1.429999999999999938e+00
8.706999999999999318e+01 1.058999999999999986e+01 9.100000000000000311e-01 1.429999999999999938e+00
8.651000000000000512e+01 1.101999999999999957e+01 1.149999999999999911e+00 1.320000000000000062e+00
8.656000000000000227e+01 1.097000000000000064e+01 1.129999999999999893e+00 1.340000000000000080e+00
8.690000000000000568e+01 1.075999999999999979e+01 1.229999999999999982e+00 1.120000000000000107e+00
8.689000000000000057e+01 1.075000000000000000e+01 1.050000000000000044e+00 1.300000000000000044e+00
8.681999999999999318e+01 1.075999999999999979e+01 1.280000000000000027e+00 1.149999999999999911e+00
8.684999999999999432e+01 1.080000000000000071e+01 1.040000000000000036e+00 1.310000000000000053e+00
8.654000000000000625e+01 1.100000000000000000e+01 1.219999999999999973e+00 1.239999999999999991e+00
8.653000000000000114e+01 1.101999999999999957e+01 1.120000000000000107e+00 1.330000000000000071e+00
8.676000000000000512e+01 1.083999999999999986e+01 1.010000000000000009e+00 1.389999999999999902e+00
8.700000000000000000e+01 1.068999999999999950e+01 1.020000000000000018e+00 1.300000000000000044e+00
8.645999999999999375e+01 1.106000000000000050e+01 1.350000000000000089e+00 1.120000000000000107e+00
8.623999999999999488e+01 1.118999999999999950e+01 1.179999999999999938e+00 1.379999999999999893e+00
8.670000000000000284e+01 1.088000000000000078e+01 1.250000000000000000e+00 1.169999999999999929e+00
8.707999999999999829e+01 1.058999999999999986e+01 9.799999999999999822e-01 1.350000000000000089e+00
8.664000000000000057e+01 1.084999999999999964e+01 9.799999999999999822e-01 1.530000000000000027e+00
8.681000000000000227e+01 1.081000000000000050e+01 1.020000000000000018e+00 1.360000000000000098e+00
8.715999999999999659e+01 1.051999999999999957e+01 1.159999999999999920e+00 1.159999999999999920e+00
8.698000000000000398e+01 1.063000000000000078e+01 1.000000000000000000e+00 1.389999999999999902e+00
8.707999999999999829e+01 1.059999999999999964e+01 9.799999999999999822e-01 1.340000000000000080e+00
8.693000000000000682e+01 1.067999999999999972e+01 1.110000000000000098e+00 1.280000000000000027e+00
8.718999999999999773e+01 1.056000000000000050e+01 1.129999999999999893e+00 1.120000000000000107e+00
8.717000000000000171e+01 1.056000000000000050e+01 9.799999999999999822e-01 1.280000000000000027e+00
8.620999999999999375e+01 1.125999999999999979e+01 1.389999999999999902e+00 1.149999999999999911e+00
8.687999999999999545e+01 1.075000000000000000e+01 1.020000000000000018e+00 1.360000000000000098e+00
8.703000000000000114e+01 1.063000000000000078e+01 9.499999999999999556e-01 1.389999999999999902e+00
8.696999999999999886e+01 1.069999999999999929e+01 1.050000000000000044e+00 1.280000000000000027e+00
8.728000000000000114e+01 1.048000000000000043e+01 1.040000000000000036e+00 1.209999999999999964e+00
8.712000000000000455e+01 1.058000000000000007e+01 1.000000000000000000e+00 1.300000000000000044e+00
8.670000000000000284e+01 1.089000000000000057e+01 1.149999999999999911e+00 1.260000000000000009e+00
8.712000000000000455e+01 1.063000000000000078e+01 1.070000000000000062e+00 1.169999999999999929e+00
8.690000000000000568e+01 1.078999999999999915e+01 1.100000000000000089e+00 1.209999999999999964e+00
8.739000000000000057e+01 1.041999999999999993e+01 1.010000000000000009e+00 1.179999999999999938e+00
8.650000000000000000e+01 1.097000000000000064e+01 1.139999999999999902e+00 1.389999999999999902e+00
8.707999999999999829e+01 1.061999999999999922e+01 1.040000000000000036e+00 1.260000000000000009e+00
8.701999999999999602e+01 1.061999999999999922e+01 9.799999999999999822e-01 1.379999999999999893e+00
8.715000000000000568e+01 1.058000000000000007e+01 1.189999999999999947e+00 1.080000000000000071e+00
8.651999999999999602e+01 1.101999999999999957e+01 1.199999999999999956e+00 1.260000000000000009e+00
8.640999999999999659e+01 1.111999999999999922e+01 1.189999999999999947e+00 1.280000000000000027e+00
8.693999999999999773e+01 1.074000000000000021e+01 1.080000000000000071e+00 1.229999999999999982e+00
8.753000000000000114e+01 1.027999999999999936e+01 9.699999999999999734e-01 1.219999999999999973e+00
8.731999999999999318e+01 1.039000000000000057e+01 9.100000000000000311e-01 1.379999999999999893e+00
8.648999999999999488e+01 1.107000000000000028e+01 1.040000000000000036e+00 1.399999999999999911e+00
8.721999999999999886e+01 1.049000000000000021e+01 1.030000000000000027e+00 1.270000000000000018e+00
8.704999999999999716e+01 1.057000000000000028e+01 1.090000000000000080e+00 1.300000000000000044e+00
8.704999999999999716e+01 1.057000000000000028e+01 9.499999999999999556e-01 1.439999999999999947e+00
8.676999999999999602e+01 1.083999999999999986e+01 1.139999999999999902e+00 1.250000000000000000e+00
8.734000000000000341e+01 1.042999999999999972e+01 9.899999999999999911e-01 1.250000000000000000e+00
8.679000000000000625e+01 1.083999999999999986e+01 1.209999999999999964e+00 1.149999999999999911e+00
8.715000000000000568e+01 1.059999999999999964e+01 1.159999999999999920e+00 1.080000000000000071e+00
8.695000000000000284e+01 1.073000000000000043e+01 1.080000000000000071e+00 1.250000000000000000e+00
8.715000000000000568e+01 1.058000000000000007e+01 1.179999999999999938e+00 1.090000000000000080e+00
8.632999999999999829e+01 1.109999999999999964e+01 1.020000000000000018e+00 1.550000000000000044e+00
8.700000000000000000e+01 1.074000000000000021e+01 9.399999999999999467e-01 1.320000000000000062e+00
8.643999999999999773e+01 1.105000000000000071e+01 1.030000000000000027e+00 1.469999999999999973e+00
8.670000000000000284e+01 1.086999999999999922e+01 1.060000000000000053e+00 1.379999999999999893e+00
8.726000000000000512e+01 1.052999999999999936e+01 9.499999999999999556e-01 1.250000000000000000e+00
8.734000000000000341e+01 1.041999999999999993e+01 1.000000000000000000e+00 1.239999999999999991e+00
8.710999999999999943e+01 1.060999999999999943e+01 9.899999999999999911e-01 1.290000000000000036e+00
8.687999999999999545e+01 1.076999999999999957e+01 9.699999999999999734e-01 1.370000000000000107e+00
8.678000000000000114e+01 1.084999999999999964e+01 9.100000000000000311e-01 1.459999999999999964e+00
8.718000000000000682e+01 1.049000000000000021e+01 1.100000000000000089e+00 1.229999999999999982e+00
8.746999999999999886e+01 1.033999999999999986e+01 8.900000000000000133e-01 1.300000000000000044e+00
8.725000000000000000e+01 1.048000000000000043e+01 9.499999999999999556e-01 1.320000000000000062e+00
8.687000000000000455e+01 1.080000000000000071e+01 1.120000000000000107e+00 1.209999999999999964e+00
8.723999999999999488e+01 1.052999999999999936e+01 9.799999999999999822e-01 1.260000000000000009e+00
8.689000000000000057e+01 1.075999999999999979e+01 1.080000000000000071e+00 1.260000000000000009e+00
8.726999999999999602e+01 1.046000000000000085e+01 1.050000000000000044e+00 1.209999999999999964e+00
8.618999999999999773e+01 1.125000000000000000e+01 1.379999999999999893e+00 1.179999999999999938e+00
8.701000000000000512e+01 1.071000000000000085e+01 1.040000000000000036e+00 1.239999999999999991e+00
8.740000000000000568e+01 1.041999999999999993e+01 1.129999999999999893e+00 1.050000000000000044e+00
8.770000000000000284e+01 1.021000000000000085e+01 9.799999999999999822e-01 1.120000000000000107e+00
8.693000000000000682e+01 1.076999999999999957e+01 9.899999999999999911e-01 1.310000000000000053e+00
8.709999999999999432e+01 1.060999999999999943e+01 9.499999999999999556e-01 1.340000000000000080e+00
8.737000000000000455e+01 1.050999999999999979e+01 9.899999999999999911e-01 1.129999999999999893e+00
8.714000000000000057e+01 1.058999999999999986e+01 9.200000000000000400e-01 1.360000000000000098e+00
8.767000000000000171e+01 1.015000000000000036e+01 8.599999999999999867e-01 1.310000000000000053e+00
8.737999999999999545e+01 1.043999999999999950e+01 1.000000000000000000e+00 1.169999999999999929e+00
8.701000000000000512e+01 1.064000000000000057e+01 1.060000000000000053e+00 1.290000000000000036e+00
8.715999999999999659e+01 1.060999999999999943e+01 1.100000000000000089e+00 1.129999999999999893e+00
8.690000000000000568e+01 1.072000000000000064e+01 1.060000000000000053e+00 1.310000000000000053e+00
8.717000000000000171e+01 1.059999999999999964e+01 9.599999999999999645e-01 1.270000000000000018e+00
8.746999999999999886e+01 1.031000000000000050e+01 8.800000000000000044e-01 1.340000000000000080e+00
8.693999999999999773e+01 1.076999999999999957e+01 9.799999999999999822e-01 1.310000000000000053e+00
8.720000000000000284e+01 1.053999999999999915e+01 9.799999999999999822e-01 1.280000000000000027e+00
8.735999999999999943e+01 1.035999999999999943e+01 8.100000000000000533e-01 1.469999999999999973e+00
8.737000000000000455e+01 1.043999999999999950e+01 1.010000000000000009e+00 1.179999999999999938e+00
8.756000000000000227e+01 1.022000000000000064e+01 8.000000000000000444e-01 1.409999999999999920e+00
