2.273000000000000043e+01 4.950000000000000000e+01 8.730000000000000426e+00 1.903999999999999915e+01
4.914000000000000057e+01 3.643999999999999773e+01 4.160000000000000142e+00 1.025999999999999979e+01
6.215999999999999659e+01 2.867000000000000171e+01 3.540000000000000036e+00 5.629999999999999893e+00
6.879000000000000625e+01 2.410000000000000142e+01 3.689999999999999947e+00 3.419999999999999929e+00
7.318999999999999773e+01 2.098999999999999844e+01 2.399999999999999911e+00 3.419999999999999929e+00
7.498000000000000398e+01 1.914999999999999858e+01 1.600000000000000089e+00 4.280000000000000249e+00
7.718000000000000682e+01 1.794999999999999929e+01 1.840000000000000080e+00 3.029999999999999805e+00
7.840999999999999659e+01 1.705999999999999872e+01 2.450000000000000178e+00 2.080000000000000071e+00
7.973999999999999488e+01 1.616000000000000014e+01 1.870000000000000107e+00 2.220000000000000195e+00
8.034000000000000341e+01 1.567999999999999972e+01 2.209999999999999964e+00 1.770000000000000018e+00
