1.753999999999999915e+01 5.106000000000000227e+01 9.679999999999999716e+00 2.171000000000000085e+01
2.385999999999999943e+01 5.000999999999999801e+01 6.120000000000000107e+00 2.001000000000000156e+01
4.396999999999999886e+01 4.028000000000000114e+01 6.009999999999999787e+00 9.750000000000000000e+00
5.529999999999999716e+01 3.314999999999999858e+01 4.599999999999999645e+00 6.950000000000000178e+00
6.175000000000000000e+01 2.853000000000000114e+01 3.600000000000000089e+00 6.120000000000000107e+00
6.651000000000000512e+01 2.567999999999999972e+01 3.620000000000000107e+00 4.190000000000000391e+00
6.981999999999999318e+01 2.319000000000000128e+01 2.680000000000000160e+00 4.309999999999999609e+00
7.312999999999999545e+01 2.089999999999999858e+01 2.770000000000000018e+00 3.189999999999999947e+00
7.482999999999999829e+01 1.985000000000000142e+01 2.609999999999999876e+00 2.709999999999999964e+00
7.598000000000000398e+01 1.883999999999999986e+01 3.100000000000000089e+00 2.080000000000000071e+00
