1.789999999999999858e+01 5.157999999999999829e+01 9.730000000000000426e+00 2.078999999999999915e+01
3.314000000000000057e+01 4.420000000000000284e+01 7.290000000000000036e+00 1.536999999999999922e+01
4.913000000000000256e+01 3.528999999999999915e+01 5.700000000000000178e+00 9.869999999999999218e+00
5.974000000000000199e+01 2.989999999999999858e+01 4.500000000000000000e+00 5.860000000000000320e+00
6.606999999999999318e+01 2.537000000000000099e+01 3.129999999999999893e+00 5.429999999999999716e+00
7.071999999999999886e+01 2.192999999999999972e+01 2.279999999999999805e+00 5.070000000000000284e+00
7.382999999999999829e+01 2.001000000000000156e+01 2.439999999999999947e+00 3.720000000000000195e+00
7.543000000000000682e+01 1.878000000000000114e+01 1.870000000000000107e+00 3.919999999999999929e+00
7.740999999999999659e+01 1.746999999999999886e+01 1.790000000000000036e+00 3.319999999999999840e+00
7.839000000000000057e+01 1.689999999999999858e+01 1.919999999999999929e+00 2.790000000000000036e+00
7.945999999999999375e+01 1.621000000000000085e+01 2.029999999999999805e+00 2.299999999999999822e+00
8.023999999999999488e+01 1.553999999999999915e+01 1.669999999999999929e+00 2.549999999999999822e+00
8.112999999999999545e+01 1.505000000000000071e+01 1.919999999999999929e+00 1.899999999999999911e+00
8.145000000000000284e+01 1.480000000000000071e+01 1.659999999999999920e+00 2.089999999999999858e+00
8.182999999999999829e+01 1.435999999999999943e+01 1.300000000000000044e+00 2.509999999999999787e+00
8.192000000000000171e+01 1.433999999999999986e+01 1.419999999999999929e+00 2.319999999999999840e+00
8.265000000000000568e+01 1.388000000000000078e+01 1.669999999999999929e+00 1.810000000000000053e+00
8.229000000000000625e+01 1.413000000000000078e+01 1.189999999999999947e+00 2.390000000000000124e+00
8.232999999999999829e+01 1.410999999999999943e+01 1.350000000000000089e+00 2.209999999999999964e+00
8.334999999999999432e+01 1.343999999999999950e+01 1.689999999999999947e+00 1.520000000000000018e+00
